2
6 6
15 0 0 22 0 -15 
0 11 3 0 0 0 
0 0 0 -6 0 0 
0 0 0 0 0 0 
91 0 0 0 0 0 
0 0 28 0 0 0 

2 3
1 2 3 
4 5 6 

--matrix 2
   - row	 col	 value
-------------------------
 0 -   6	   6	  11
-------------------------
 1 -   0	   0	 225
 2 -   0	   2	-420
 3 -   0	   3	 330
 4 -   0	   5	-225
 5 -   1	   1	 121
 6 -   1	   2	  33
 7 -   1	   4	 -18
 8 -   4	   0	1365
 9 -   4	   3	2002
10 -   4	   5	-1365
11 -   5	   3	-168


--matrix 0
   - row	 col	 value
-------------------------
 0 -   6	   6	   8
-------------------------
 1 -   0	   0	  15
 2 -   0	   3	  22
 3 -   0	   5	 -15
 4 -   1	   1	  11
 5 -   1	   2	   3
 6 -   2	   3	  -6
 7 -   4	   0	  91
 8 -   5	   2	  28

--matrix 2
   - row	 col	 value
-------------------------
 0 -   6	   6	   8
-------------------------
 1 -   0	   0	  15
 2 -   0	   4	  91
 3 -   1	   1	  11
 4 -   2	   1	   3
 5 -   2	   5	  28
 6 -   3	   0	  22
 7 -   3	   2	  -6
 8 -   5	   0	 -15
